0000000001	1	1479903620000	openShift
0000000001	1	1479903630000	receipt
0000000001	1	1479903640000	closeShift
0000000002	1	1479903620000	openShift
0000000002	1	1479903640000	closeShift
0000000002	1	1479903650000	receipt
0000000003	1	1479903620000	openShift
0000000003	1	1479903630000	receipt
0000000003	1	1479903640000	closeShift
0000000003	2	1479903620000	openShift
0000000003	2	1479903640000	closeShift
0000000003	2	1479903650000	receipt
0000000004	2	1479903650000	receipt
0000000005	2	1479903650000	receipt
0000000005	2	1479903650000	openShift
0000000006	2	1479903650000	receipt
0000000006	2	1479903650000	closeShift
0000000007	2	1479903650000	closeShift
0000000007	2	1479903650000	openShift
0000000008	2	1479903650000	closeShift
0000000008	2	1479903650000	openShift
0000000008	2	1479903650000	receipt
0000000008	2	1479903650000	openShift
