Directory exists
0255016159	0000001994019340    	1479727260000	receipt
0255016159	0000001994019340    	1479727560000	closeShift
0255016159	0000001994019340    	1480084740000	openShift
0255016159	0000001994019340    	1480084800000	receipt
0255016159	0000001994019340    	1480085100000	receipt
0255016159	0000001994019340    	1480086780000	closeShift
0255016159	0000001994019340    	1480328700000	receipt
0255016159	0000001994019340    	1480328700000	openShift
0256017902	0000001335001384    	1478862840000	openShift
0256017902	0000001335001384    	1478862900000	receipt
0256017902	0000001335001384    	1478863020000	closeShift
0256017902	0000001335001384    	1478881980000	openShift
0256017902	0000001335001384    	1478882040000	receipt
0256017902	0000001335001384    	1478882760000	receipt
0256017902	0000001335001384    	1478882820000	closeShift
0256017902	0000001335001384    	1479118080000	receipt
0256017902	0000001335001384    	1479118080000	openShift
0256017902	0000001335001384    	1479125280000	receipt
0256017902	0000001335001384    	1479125280000	receipt
0256017902	0000001335001384    	1479125400000	receipt
0256017902	0000001335001384    	1479126720000	receipt
0256017902	0000001335001384    	1479128100000	receipt
0256017902	0000001335001384    	1479128160000	receipt
0256017902	0000001335001384    	1479132000000	receipt
0256017902	0000001335001384    	1479132120000	receipt
0256017902	0000001335001384    	1479137520000	receipt
0256017902	0000001335001384    	1479138780000	receipt
0256017902	0000001335001384    	1479138840000	receipt
0256017902	0000001335001384    	1479138840000	receipt
0256017902	0000001335001384    	1479138840000	receipt
0256017902	0000001335001384    	1479138900000	receipt
0256017902	0000001335001384    	1479138900000	receipt
0256017902	0000001335001384    	1479138960000	closeShift
0256017902	0000001335001384    	1479138960000	receipt
0256017902	0000001335001384    	1479138960000	receipt
0262007596	0000001141030886	1478809200000	openShift
0262007596	0000001141030886	1478809200000	receipt
0262007596	0000001141030886	1478809320000	receipt
0262007596	0000001141030886	1478809560000	receipt
0262007596	0000001141030886	1478809560000	receipt
0262007596	0000001141030886	1478826060000	closeShift
0262007596	0000001141030886	1478840700000	openShift
0262007596	0000001141030886	1478842440000	receipt
0262007596	0000001141030886	1478849340000	receipt
0262007596	0000001141030886	1478852280000	closeShift
0262007596	0000001141030886	1478868720000	openShift
0262007596	0000001141030886	1478868780000	receipt
0262007596	0000001141030886	1478868840000	receipt
0262007596	0000001141030886	1478868900000	receipt
0262007596	0000001141030886	1478870400000	receipt
0262007596	0000001141030886	1478870640000	receipt
0262007596	0000001141030886	1478870760000	receipt
0262007596	0000001141030886	1478871000000	receipt
0262007596	0000001141030886	1478871120000	receipt
0262007596	0000001141030886	1478897280000	receipt
0262007596	0000001141030886	1478898180000	receipt
0262007596	0000001141030886	1478898300000	receipt
0262007596	0000001141030886	1478899740000	closeShift
0262007596	0000001141030886	1478945940000	openShift
0262007596	0000001141030886	1478946000000	receipt
0262007596	0000001141030886	1478960700000	closeShift
0272023660	0000001883049001    	1479405420000	closeShift
0272023660	0000001883049001    	1479405420000	openShift
0272023660	0000001883049001    	1479405420000	receipt
0274106760	0000001606020385    	1479294060000	openShift
0274106760	0000001606020385    	1479294960000	closeShift
0274106760	0000001606020385    	1479295020000	openShift
0274106760	0000001606020385    	1479388260000	closeShift
0274106760	0000001606020385    	1479388320000	openShift
0274106760	0000001606020385    	1479388500000	closeShift
0274106760	0000001606020385    	1479388800000	receipt
0274106760	0000001606020385    	1479388800000	openShift
0274106760	0000001606020385    	1479398640000	closeShift
0274106760	0000001606020385    	1479398640000	receipt
0274106760	0000001606020385    	1479398640000	receipt
0274106760	0000001606020385    	1479401880000	receipt
0274106760	0000001606020385    	1479401880000	openShift
0274106760	0000001606020385    	1479402240000	receipt
0274106760	0000001606020385    	1479402360000	receipt
0274106760	0000001606020385    	1479402360000	receipt
0274106760	0000001606020385    	1479402480000	receipt
0274106760	0000001606020385    	1479402720000	receipt
0274106760	0000001606020385    	1479402780000	receipt
0274106760	0000001606020385    	1479403020000	receipt
0274106760	0000001606020385    	1479403020000	receipt
0274106760	0000001606020385    	1479403140000	receipt
0274106760	0000001606020385    	1479403500000	receipt
0274106760	0000001606020385    	1479404040000	receipt
0274106760	0000001606020385    	1479405060000	receipt
0274106760	0000001606020385    	1479405120000	receipt
0274106760	0000001606020385    	1479405540000	receipt
0274106760	0000001606020385    	1479406380000	receipt
0274106760	0000001606020385    	1479406440000	receipt
0274106760	0000001606020385    	1479406560000	receipt
0274106760	0000001606020385    	1479406740000	receipt
0274106760	0000001606020385    	1479406980000	receipt
0274106760	0000001606020385    	1479407100000	receipt
0274106760	0000001606020385    	1479408420000	receipt
0274106760	0000001606020385    	1479408480000	receipt
0274106760	0000001606020385    	1479408480000	receipt
0274106760	0000001606020385    	1479408600000	receipt
0274106760	0000001606020385    	1479409020000	receipt
0274106760	0000001606020385    	1479409080000	receipt
0274106760	0000001606020385    	1479409140000	receipt
0274106760	0000001606020385    	1479409740000	receipt
0274106760	0000001606020385    	1479410100000	receipt
0274106760	0000001606020385    	1479410640000	receipt
0274106760	0000001606020385    	1479411000000	receipt
0274106760	0000001606020385    	1479411000000	receipt
0274106760	0000001606020385    	1479411060000	receipt
0274106760	0000001606020385    	1479412380000	receipt
0274106760	0000001606020385    	1479412440000	receipt
0274106760	0000001606020385    	1479413280000	receipt
0274106760	0000001606020385    	1479413280000	receipt
0274106760	0000001606020385    	1479413880000	receipt
0274106760	0000001606020385    	1479414720000	receipt
0274106760	0000001606020385    	1479415260000	receipt
0274106760	0000001606020385    	1479415440000	receipt
0274106760	0000001606020385    	1479416340000	receipt
0274106760	0000001606020385    	1479417120000	receipt
0274106760	0000001606020385    	1479418140000	receipt
0274106760	0000001606020385    	1479418320000	receipt
0274106760	0000001606020385    	1479418680000	receipt
0274106760	0000001606020385    	1479419160000	receipt
0274106760	0000001606020385    	1479420060000	receipt
0274106760	0000001606020385    	1479421680000	receipt
0274106760	0000001606020385    	1479421740000	receipt
0274106760	0000001606020385    	1479422640000	receipt
0274106760	0000001606020385    	1479422760000	receipt
0274106760	0000001606020385    	1479422880000	receipt
0274106760	0000001606020385    	1479423180000	receipt
0274106760	0000001606020385    	1479423660000	closeShift
0274106760	0000001606020385    	1479457080000	receipt
0274106760	0000001606020385    	1479457080000	receipt
0274106760	0000001606020385    	1479457080000	openShift
0274106760	0000001606020385    	1479458280000	receipt
0274106760	0000001606020385    	1479458460000	receipt
0274106760	0000001606020385    	1479459720000	receipt
0274106760	0000001606020385    	1479461400000	receipt
0274106760	0000001606020385    	1479461700000	receipt
0274106760	0000001606020385    	1479463500000	receipt
0274106760	0000001606020385    	1479465600000	receipt
0274106760	0000001606020385    	1479465900000	receipt
0274106760	0000001606020385    	1479466980000	receipt
0274106760	0000001606020385    	1479467640000	receipt
0274106760	0000001606020385    	1479468060000	receipt
0274106760	0000001606020385    	1479468180000	receipt
0274106760	0000001606020385    	1479468900000	receipt
0274106760	0000001606020385    	1479471000000	receipt
0274106760	0000001606020385    	1479471180000	receipt
0274106760	0000001606020385    	1479471240000	receipt
0274106760	0000001606020385    	1479471360000	receipt
0274106760	0000001606020385    	1479471660000	receipt
0274106760	0000001606020385    	1479471960000	receipt
0274106760	0000001606020385    	1479472080000	receipt
0274106760	0000001606020385    	1479472140000	receipt
0274106760	0000001606020385    	1479472320000	receipt
0274106760	0000001606020385    	1479473340000	receipt
0274106760	0000001606020385    	1479473400000	receipt
0274106760	0000001606020385    	1479473460000	receipt
0274106760	0000001606020385    	1479473460000	receipt
0274106760	0000001606020385    	1479474300000	receipt
0274106760	0000001606020385    	1479474600000	receipt
0274106760	0000001606020385    	1479475080000	receipt
0274106760	0000001606020385    	1479475140000	receipt
0274106760	0000001606020385    	1479475140000	receipt
0274106760	0000001606020385    	1479475260000	receipt
0274106760	0000001606020385    	1479475620000	receipt
0274106760	0000001606020385    	1479475680000	receipt
0274106760	0000001606020385    	1479475860000	receipt
0274106760	0000001606020385    	1479476400000	receipt
0274106760	0000001606020385    	1479476940000	receipt
0274106760	0000001606020385    	1479477420000	receipt
0274106760	0000001606020385    	1479477540000	receipt
0274106760	0000001606020385    	1479477540000	receipt
0274106760	0000001606020385    	1479477600000	receipt
0274106760	0000001606020385    	1479478080000	receipt
0274106760	0000001606020385    	1479478260000	receipt
0274106760	0000001606020385    	1479478560000	receipt
0274106760	0000001606020385    	1479482220000	receipt
0274106760	0000001606020385    	1479483180000	receipt
0274106760	0000001606020385    	1479483600000	receipt
0274106760	0000001606020385    	1479483600000	receipt
0274106760	0000001606020385    	1479484920000	receipt
0274106760	0000001606020385    	1479485640000	receipt
0274106760	0000001606020385    	1479485940000	receipt
0274106760	0000001606020385    	1479486000000	receipt
0274106760	0000001606020385    	1479486720000	receipt
0274106760	0000001606020385    	1479488280000	receipt
0274106760	0000001606020385    	1479488880000	receipt
0274106760	0000001606020385    	1479489180000	receipt
0274106760	0000001606020385    	1479489720000	receipt
0274106760	0000001606020385    	1479490500000	receipt
0274106760	0000001606020385    	1479491100000	receipt
0274106760	0000001606020385    	1479491400000	receipt
0274106760	0000001606020385    	1479491460000	receipt
0274106760	0000001606020385    	1479491580000	receipt
0274106760	0000001606020385    	1479491640000	receipt
0274106760	0000001606020385    	1479491760000	receipt
0274106760	0000001606020385    	1479492300000	receipt
0274106760	0000001606020385    	1479492540000	receipt
0274106760	0000001606020385    	1479493080000	receipt
0274106760	0000001606020385    	1479493080000	receipt
0274106760	0000001606020385    	1479493140000	receipt
0274106760	0000001606020385    	1479493860000	receipt
0274106760	0000001606020385    	1479494220000	receipt
0274106760	0000001606020385    	1479494640000	receipt
0274106760	0000001606020385    	1479494700000	receipt
0274106760	0000001606020385    	1479495240000	receipt
0274106760	0000001606020385    	1479495240000	receipt
0274106760	0000001606020385    	1479496080000	receipt
0274106760	0000001606020385    	1479497040000	receipt
0274106760	0000001606020385    	1479497160000	receipt
0274106760	0000001606020385    	1479497160000	receipt
0274106760	0000001606020385    	1479498420000	receipt
0274106760	0000001606020385    	1479498480000	receipt
0274106760	0000001606020385    	1479498480000	receipt
0274106760	0000001606020385    	1479498600000	receipt
0274106760	0000001606020385    	1479498840000	receipt
0274106760	0000001606020385    	1479500880000	receipt
0274106760	0000001606020385    	1479501180000	receipt
0274106760	0000001606020385    	1479501420000	receipt
0274106760	0000001606020385    	1479501780000	receipt
0274106760	0000001606020385    	1479501840000	receipt
0274106760	0000001606020385    	1479501960000	receipt
0274106760	0000001606020385    	1479502320000	receipt
0274106760	0000001606020385    	1479502500000	receipt
0274106760	0000001606020385    	1479503880000	receipt
0274106760	0000001606020385    	1479503940000	receipt
0274106760	0000001606020385    	1479503940000	receipt
0274106760	0000001606020385    	1479504900000	receipt
0274106760	0000001606020385    	1479505260000	receipt
0274106760	0000001606020385    	1479505500000	receipt
0274106760	0000001606020385    	1479506520000	receipt
0274106760	0000001606020385    	1479506640000	receipt
0274106760	0000001606020385    	1479507300000	receipt
0274106760	0000001606020385    	1479507540000	receipt
0274106760	0000001606020385    	1479508860000	receipt
0274106760	0000001606020385    	1479510000000	closeShift
0274106760	0000001606020385    	1479540840000	openShift
0274106760	0000001606020385    	1479540840000	receipt
0274106760	0000001606020385    	1479541320000	receipt
0274106760	0000001606020385    	1479541380000	receipt
0274106760	0000001606020385    	1479545880000	receipt
0274106760	0000001606020385    	1479546780000	receipt
0274106760	0000001606020385    	1479548040000	receipt
0274106760	0000001606020385    	1479548880000	receipt
0274106760	0000001606020385    	1479550080000	receipt
0274106760	0000001606020385    	1479551820000	receipt
0274106760	0000001606020385    	1479551880000	receipt
0274106760	0000001606020385    	1479552000000	receipt
0274106760	0000001606020385    	1479552900000	receipt
0274106760	0000001606020385    	1479553080000	receipt
0274106760	0000001606020385    	1479553140000	receipt
0274106760	0000001606020385    	1479557040000	receipt
0274106760	0000001606020385    	1479557160000	receipt
0274106760	0000001606020385    	1479557220000	receipt
0274106760	0000001606020385    	1479558060000	receipt
0274106760	0000001606020385    	1479558240000	receipt
0274106760	0000001606020385    	1479558360000	receipt
0274106760	0000001606020385    	1479558420000	receipt
0274106760	0000001606020385    	1479558540000	receipt
0274106760	0000001606020385    	1479559260000	receipt
0274106760	0000001606020385    	1479559740000	receipt
0274106760	0000001606020385    	1479560220000	receipt
0274106760	0000001606020385    	1479560580000	receipt
0274106760	0000001606020385    	1479561060000	receipt
0274106760	0000001606020385    	1479561120000	receipt
0274106760	0000001606020385    	1479561180000	receipt
0274106760	0000001606020385    	1479562440000	receipt
0274106760	0000001606020385    	1479562800000	receipt
0274106760	0000001606020385    	1479563460000	receipt
0274106760	0000001606020385    	1479564960000	receipt
0274106760	0000001606020385    	1479565800000	receipt
0274106760	0000001606020385    	1479566100000	receipt
0274106760	0000001606020385    	1479566520000	receipt
0274106760	0000001606020385    	1479566760000	receipt
0274106760	0000001606020385    	1479566880000	receipt
0274106760	0000001606020385    	1479567120000	receipt
0274106760	0000001606020385    	1479567420000	receipt
0274106760	0000001606020385    	1479567960000	receipt
0274106760	0000001606020385    	1479568740000	receipt
0274106760	0000001606020385    	1479570480000	receipt
0274106760	0000001606020385    	1479570540000	receipt
0274106760	0000001606020385    	1479571560000	receipt
0274106760	0000001606020385    	1479571980000	receipt
0274106760	0000001606020385    	1479571980000	receipt
0274106760	0000001606020385    	1479572400000	receipt
0274106760	0000001606020385    	1479572580000	receipt
0274106760	0000001606020385    	1479572580000	receipt
0274106760	0000001606020385    	1479572640000	receipt
0274106760	0000001606020385    	1479573000000	receipt
0274106760	0000001606020385    	1479573240000	receipt
0274106760	0000001606020385    	1479573720000	receipt
0274106760	0000001606020385    	1479574440000	receipt
0274106760	0000001606020385    	1479574500000	receipt
0274106760	0000001606020385    	1479575460000	receipt
0274106760	0000001606020385    	1479576360000	receipt
0274106760	0000001606020385    	1479576840000	receipt
0274106760	0000001606020385    	1479576840000	receipt
0274106760	0000001606020385    	1479576900000	receipt
0274106760	0000001606020385    	1479577500000	receipt
0274106760	0000001606020385    	1479578220000	receipt
0274106760	0000001606020385    	1479578280000	receipt
0274106760	0000001606020385    	1479578400000	receipt
0274106760	0000001606020385    	1479578400000	receipt
0274106760	0000001606020385    	1479580200000	closeShift
0274106760	0000001606020385    	1479581100000	receipt
0274106760	0000001606020385    	1479581100000	openShift
0274106760	0000001606020385    	1479581160000	receipt
0274106760	0000001606020385    	1479583080000	receipt
0274106760	0000001606020385    	1479583680000	receipt
0274106760	0000001606020385    	1479584460000	receipt
0274106760	0000001606020385    	1479584520000	receipt
0274106760	0000001606020385    	1479584640000	receipt
0274106760	0000001606020385    	1479587280000	receipt
0274106760	0000001606020385    	1479589080000	receipt
0274106760	0000001606020385    	1479589080000	receipt
0274106760	0000001606020385    	1479590760000	receipt
0274106760	0000001606020385    	1479591240000	receipt
0274106760	0000001606020385    	1479591420000	receipt
0274106760	0000001606020385    	1479591420000	receipt
0274106760	0000001606020385    	1479594600000	receipt
0274106760	0000001606020385    	1479594660000	receipt
0274106760	0000001606020385    	1479596400000	closeShift
0274106760	0000001606020385    	1479631560000	openShift
0274106760	0000001606020385    	1479631560000	receipt
0274106760	0000001606020385    	1479633660000	receipt
0274106760	0000001606020385    	1479636420000	receipt
0274106760	0000001606020385    	1479636600000	receipt
0274106760	0000001606020385    	1479638640000	receipt
0274106760	0000001606020385    	1479638760000	receipt
0274106760	0000001606020385    	1479639180000	receipt
0274106760	0000001606020385    	1479639780000	receipt
0274106760	0000001606020385    	1479641040000	receipt
0274106760	0000001606020385    	1479642060000	receipt
0274106760	0000001606020385    	1479642480000	receipt
0274106760	0000001606020385    	1479643140000	receipt
0274106760	0000001606020385    	1479644640000	receipt
0274106760	0000001606020385    	1479647340000	receipt
0274106760	0000001606020385    	1479647400000	receipt
0274106760	0000001606020385    	1479647520000	receipt
0274106760	0000001606020385    	1479648840000	receipt
0274106760	0000001606020385    	1479649500000	receipt
0274106760	0000001606020385    	1479649800000	receipt
0274106760	0000001606020385    	1479649860000	receipt
0274106760	0000001606020385    	1479650040000	receipt
0274106760	0000001606020385    	1479651840000	receipt
0274106760	0000001606020385    	1479651960000	receipt
0274106760	0000001606020385    	1479652620000	receipt
0274106760	0000001606020385    	1479652680000	receipt
0274106760	0000001606020385    	1479654960000	receipt
0274106760	0000001606020385    	1479655020000	receipt
0274106760	0000001606020385    	1479655260000	receipt
0274106760	0000001606020385    	1479655680000	receipt
0274106760	0000001606020385    	1479655860000	receipt
0274106760	0000001606020385    	1479656160000	receipt
0274106760	0000001606020385    	1479656580000	receipt
0274106760	0000001606020385    	1479657360000	receipt
0274106760	0000001606020385    	1479657420000	receipt
0274106760	0000001606020385    	1479657720000	receipt
0274106760	0000001606020385    	1479658200000	receipt
0274106760	0000001606020385    	1479658620000	receipt
0274106760	0000001606020385    	1479658800000	receipt
0274106760	0000001606020385    	1479658860000	receipt
0274106760	0000001606020385    	1479659040000	receipt
0274106760	0000001606020385    	1479659940000	receipt
0274106760	0000001606020385    	1479660480000	receipt
0274106760	0000001606020385    	1479661620000	receipt
0274106760	0000001606020385    	1479661680000	receipt
0274106760	0000001606020385    	1479661740000	receipt
0274106760	0000001606020385    	1479661980000	receipt
0274106760	0000001606020385    	1479662220000	receipt
0274106760	0000001606020385    	1479663840000	receipt
0274106760	0000001606020385    	1479665640000	receipt
0274106760	0000001606020385    	1479665940000	receipt
0274106760	0000001606020385    	1479666120000	receipt
0274106760	0000001606020385    	1479666300000	receipt
0274106760	0000001606020385    	1479666420000	receipt
0274106760	0000001606020385    	1479666720000	receipt
0274106760	0000001606020385    	1479668400000	receipt
0274106760	0000001606020385    	1479668460000	receipt
0274106760	0000001606020385    	1479668580000	receipt
0274106760	0000001606020385    	1479668640000	receipt
0274106760	0000001606020385    	1479668700000	receipt
0274106760	0000001606020385    	1479669000000	receipt
0274106760	0000001606020385    	1479669840000	receipt
0274106760	0000001606020385    	1479671160000	receipt
0274106760	0000001606020385    	1479671340000	receipt
0274106760	0000001606020385    	1479671520000	receipt
0274106760	0000001606020385    	1479673800000	receipt
0274106760	0000001606020385    	1479674340000	receipt
0274106760	0000001606020385    	1479674460000	receipt
0274106760	0000001606020385    	1479675420000	receipt
0274106760	0000001606020385    	1479677160000	receipt
0274106760	0000001606020385    	1479677220000	receipt
0274106760	0000001606020385    	1479677400000	receipt
0274106760	0000001606020385    	1479680040000	receipt
0274106760	0000001606020385    	1479680220000	receipt
0274106760	0000001606020385    	1479681240000	receipt
0274106760	0000001606020385    	1479682380000	receipt
0274106760	0000001606020385    	1479682860000	closeShift
0274106760	0000001606020385    	1479716340000	receipt
0274106760	0000001606020385    	1479716340000	openShift
0274106760	0000001606020385    	1479716400000	receipt
0274106760	0000001606020385    	1479718920000	receipt
0274106760	0000001606020385    	1479721860000	receipt
0274106760	0000001606020385    	1479722820000	receipt
0274106760	0000001606020385    	1479723000000	receipt
0274106760	0000001606020385    	1479723840000	receipt
0274106760	0000001606020385    	1479723900000	receipt
0274106760	0000001606020385    	1479724320000	receipt
0274106760	0000001606020385    	1479725100000	receipt
0274106760	0000001606020385    	1479725340000	receipt
0274106760	0000001606020385    	1479727500000	receipt
0274106760	0000001606020385    	1479727560000	receipt
0274106760	0000001606020385    	1479729360000	receipt
0274106760	0000001606020385    	1479729540000	receipt
0274106760	0000001606020385    	1479730320000	receipt
0274106760	0000001606020385    	1479730380000	receipt
0274106760	0000001606020385    	1479730440000	receipt
0274106760	0000001606020385    	1479731220000	receipt
0274106760	0000001606020385    	1479732840000	receipt
0274106760	0000001606020385    	1479732900000	receipt
0274106760	0000001606020385    	1479733380000	receipt
0274106760	0000001606020385    	1479734880000	receipt
0274106760	0000001606020385    	1479735420000	receipt
0274106760	0000001606020385    	1479735600000	receipt
0274106760	0000001606020385    	1479735780000	receipt
0274106760	0000001606020385    	1479735840000	receipt
0274106760	0000001606020385    	1479736200000	receipt
0274106760	0000001606020385    	1479736320000	receipt
0274106760	0000001606020385    	1479736380000	receipt
0274106760	0000001606020385    	1479737820000	receipt
0274106760	0000001606020385    	1479738360000	receipt
0274106760	0000001606020385    	1479738660000	receipt
0274106760	0000001606020385    	1479739680000	receipt
0274106760	0000001606020385    	1479739860000	receipt
0274106760	0000001606020385    	1479740280000	receipt
0274106760	0000001606020385    	1479740880000	receipt
0274106760	0000001606020385    	1479741000000	receipt
0274106760	0000001606020385    	1479743700000	receipt
0274106760	0000001606020385    	1479743760000	receipt
0274106760	0000001606020385    	1479743760000	receipt
0274106760	0000001606020385    	1479744780000	receipt
0274106760	0000001606020385    	1479745140000	receipt
0274106760	0000001606020385    	1479746040000	receipt
0274106760	0000001606020385    	1479747060000	receipt
0274106760	0000001606020385    	1479748380000	receipt
0274106760	0000001606020385    	1479748860000	receipt
0274106760	0000001606020385    	1479749100000	receipt
0274106760	0000001606020385    	1479749340000	receipt
0274106760	0000001606020385    	1479749820000	receipt
0274106760	0000001606020385    	1479750360000	receipt
0274106760	0000001606020385    	1479750720000	receipt
0274106760	0000001606020385    	1479750840000	receipt
0274106760	0000001606020385    	1479750960000	receipt
0274106760	0000001606020385    	1479751440000	receipt
0274106760	0000001606020385    	1479752220000	receipt
0274106760	0000001606020385    	1479752400000	receipt
0274106760	0000001606020385    	1479752700000	receipt
0274106760	0000001606020385    	1479752760000	receipt
0274106760	0000001606020385    	1479752820000	receipt
0274106760	0000001606020385    	1479752880000	receipt
0274106760	0000001606020385    	1479753000000	receipt
0274106760	0000001606020385    	1479753480000	receipt
0274106760	0000001606020385    	1479753660000	receipt
0274106760	0000001606020385    	1479753660000	receipt
0274106760	0000001606020385    	1479754920000	receipt
0274106760	0000001606020385    	1479755820000	receipt
0274106760	0000001606020385    	1479755940000	receipt
0274106760	0000001606020385    	1479756120000	receipt
0274106760	0000001606020385    	1479757560000	receipt
0274106760	0000001606020385    	1479758100000	receipt
0274106760	0000001606020385    	1479758340000	receipt
0274106760	0000001606020385    	1479758700000	receipt
0274106760	0000001606020385    	1479759360000	receipt
0274106760	0000001606020385    	1479759660000	receipt
0274106760	0000001606020385    	1479759720000	receipt
0274106760	0000001606020385    	1479760140000	receipt
0274106760	0000001606020385    	1479760200000	receipt
0274106760	0000001606020385    	1479761640000	receipt
0274106760	0000001606020385    	1479761880000	receipt
0274106760	0000001606020385    	1479762120000	receipt
0274106760	0000001606020385    	1479763080000	receipt
0274106760	0000001606020385    	1479764940000	receipt
0274106760	0000001606020385    	1479765000000	receipt
0274106760	0000001606020385    	1479765840000	receipt
0274106760	0000001606020385    	1479766140000	receipt
0274106760	0000001606020385    	1479766140000	receipt
0274106760	0000001606020385    	1479767820000	receipt
0274106760	0000001606020385    	1479767880000	receipt
0274106760	0000001606020385    	1479767940000	receipt
0274106760	0000001606020385    	1479768180000	receipt
0274106760	0000001606020385    	1479768300000	receipt
0274106760	0000001606020385    	1479769200000	closeShift
0274106760	0000001606020385    	1479804000000	openShift
0274106760	0000001606020385    	1479804000000	receipt
0274106760	0000001606020385    	1479807600000	receipt
0274106760	0000001606020385    	1479810240000	receipt
0274106760	0000001606020385    	1479810900000	receipt
0274106760	0000001606020385    	1479811800000	receipt
0274106760	0000001606020385    	1479812100000	receipt
0274106760	0000001606020385    	1479812160000	receipt
0274106760	0000001606020385    	1479813060000	receipt
0274106760	0000001606020385    	1479814800000	receipt
0274106760	0000001606020385    	1479815460000	receipt
0274106760	0000001606020385    	1479815640000	receipt
0274106760	0000001606020385    	1479816540000	receipt
0274106760	0000001606020385    	1479816600000	receipt
0274106760	0000001606020385    	1479816780000	receipt
0274106760	0000001606020385    	1479817740000	receipt
0274106760	0000001606020385    	1479817980000	receipt
0274106760	0000001606020385    	1479819360000	receipt
0274106760	0000001606020385    	1479820680000	receipt
0274106760	0000001606020385    	1479821100000	receipt
0274106760	0000001606020385    	1479821460000	receipt
0274106760	0000001606020385    	1479821880000	receipt
0274106760	0000001606020385    	1479822360000	receipt
0274106760	0000001606020385    	1479822720000	receipt
0274106760	0000001606020385    	1479823620000	receipt
0274106760	0000001606020385    	1479823800000	receipt
0274106760	0000001606020385    	1479824220000	receipt
0274106760	0000001606020385    	1479825300000	receipt
0274106760	0000001606020385    	1479825360000	receipt
0274106760	0000001606020385    	1479825480000	receipt
0274106760	0000001606020385    	1479826380000	receipt
0274106760	0000001606020385    	1479826440000	receipt
0274106760	0000001606020385    	1479826560000	receipt
0274106760	0000001606020385    	1479827160000	receipt
0274106760	0000001606020385    	1479828360000	receipt
0274106760	0000001606020385    	1479828780000	receipt
0274106760	0000001606020385    	1479830640000	receipt
0274106760	0000001606020385    	1479831660000	receipt
0274106760	0000001606020385    	1479832320000	receipt
0274106760	0000001606020385    	1479833460000	receipt
0274106760	0000001606020385    	1479834120000	receipt
0274106760	0000001606020385    	1479834180000	receipt
0274106760	0000001606020385    	1479834180000	receipt
0274106760	0000001606020385    	1479834540000	receipt
0274106760	0000001606020385    	1479835260000	receipt
0274106760	0000001606020385    	1479835440000	receipt
0274106760	0000001606020385    	1479836040000	receipt
0274106760	0000001606020385    	1479836040000	receipt
0274106760	0000001606020385    	1479836220000	receipt
0274106760	0000001606020385    	1479836340000	receipt
0274106760	0000001606020385    	1479836640000	receipt
0274106760	0000001606020385    	1479836880000	receipt
0274106760	0000001606020385    	1479837000000	receipt
0274106760	0000001606020385    	1479837600000	receipt
0274106760	0000001606020385    	1479838200000	receipt
0274106760	0000001606020385    	1479838800000	receipt
0274106760	0000001606020385    	1479838920000	receipt
0274106760	0000001606020385    	1479839580000	receipt
0274106760	0000001606020385    	1479840240000	receipt
0274106760	0000001606020385    	1479840780000	receipt
0274106760	0000001606020385    	1479840960000	receipt
0274106760	0000001606020385    	1479841260000	receipt
0274106760	0000001606020385    	1479841440000	receipt
0274106760	0000001606020385    	1479841500000	receipt
0274106760	0000001606020385    	1479841500000	receipt
0274106760	0000001606020385    	1479842040000	receipt
0274106760	0000001606020385    	1479843360000	receipt
0274106760	0000001606020385    	1479843720000	receipt
0274106760	0000001606020385    	1479844380000	receipt
0274106760	0000001606020385    	1479844440000	receipt
0274106760	0000001606020385    	1479844740000	receipt
0274106760	0000001606020385    	1479845580000	receipt
0274106760	0000001606020385    	1479845640000	receipt
0274106760	0000001606020385    	1479847560000	receipt
0274106760	0000001606020385    	1479848820000	receipt
0274106760	0000001606020385    	1479849300000	receipt
0274106760	0000001606020385    	1479849300000	receipt
0274106760	0000001606020385    	1479849840000	receipt
0274106760	0000001606020385    	1479849960000	receipt
0274106760	0000001606020385    	1479850200000	receipt
0274106760	0000001606020385    	1479850200000	receipt
0274106760	0000001606020385    	1479850260000	receipt
0274106760	0000001606020385    	1479850680000	receipt
0274106760	0000001606020385    	1479851880000	receipt
0274106760	0000001606020385    	1479852240000	receipt
0274106760	0000001606020385    	1479853620000	receipt
0274106760	0000001606020385    	1479854700000	receipt
0274106760	0000001606020385    	1479855480000	closeShift
0274106760	0000001606020385    	1479888540000	receipt
0274106760	0000001606020385    	1479888540000	openShift
0274106760	0000001606020385    	1479891180000	receipt
0274106760	0000001606020385    	1479893880000	receipt
0274106760	0000001606020385    	1479894600000	receipt
0274106760	0000001606020385    	1479895260000	receipt
0274106760	0000001606020385    	1479896160000	receipt
0274106760	0000001606020385    	1479896400000	receipt
0274106760	0000001606020385    	1479897240000	receipt
0274106760	0000001606020385    	1479897480000	receipt
0274106760	0000001606020385    	1479899280000	receipt
0274106760	0000001606020385    	1479901500000	receipt
0274106760	0000001606020385    	1479901680000	receipt
0274106760	0000001606020385    	1479902460000	receipt
0274106760	0000001606020385    	1479904380000	receipt
0274106760	0000001606020385    	1479904800000	receipt
0274106760	0000001606020385    	1479905400000	receipt
0274106760	0000001606020385    	1479906120000	receipt
0274106760	0000001606020385    	1479908220000	receipt
0274106760	0000001606020385    	1479908280000	receipt
0274106760	0000001606020385    	1479908700000	receipt
0274106760	0000001606020385    	1479908700000	receipt
0274106760	0000001606020385    	1479909000000	receipt
0274106760	0000001606020385    	1479909000000	receipt
0274106760	0000001606020385    	1479909300000	receipt
0274106760	0000001606020385    	1479909360000	receipt
0274106760	0000001606020385    	1479910680000	receipt
0274106760	0000001606020385    	1479910740000	receipt
0274106760	0000001606020385    	1479910980000	receipt
0274106760	0000001606020385    	1479911100000	receipt
0274106760	0000001606020385    	1479911160000	receipt
0274106760	0000001606020385    	1479913560000	receipt
0274106760	0000001606020385    	1479913680000	receipt
0274106760	0000001606020385    	1479914460000	receipt
0274106760	0000001606020385    	1479914940000	receipt
0274106760	0000001606020385    	1479915180000	receipt
0274106760	0000001606020385    	1479915720000	receipt
0274106760	0000001606020385    	1479916020000	receipt
0274106760	0000001606020385    	1479916440000	receipt
0274106760	0000001606020385    	1479918720000	receipt
0274106760	0000001606020385    	1479918780000	receipt
0274106760	0000001606020385    	1479919260000	receipt
0274106760	0000001606020385    	1479919680000	receipt
0274106760	0000001606020385    	1479919980000	receipt
0274106760	0000001606020385    	1479919980000	receipt
0274106760	0000001606020385    	1479920520000	receipt
0274106760	0000001606020385    	1479921600000	receipt
0274106760	0000001606020385    	1479924240000	receipt
0274106760	0000001606020385    	1479924480000	receipt
0274106760	0000001606020385    	1479924540000	receipt
0274106760	0000001606020385    	1479924840000	receipt
0274106760	0000001606020385    	1479924900000	receipt
0274106760	0000001606020385    	1479925320000	receipt
0274106760	0000001606020385    	1479925560000	receipt
0274106760	0000001606020385    	1479925740000	receipt
0274106760	0000001606020385    	1479925740000	receipt
0274106760	0000001606020385    	1479925740000	receipt
0274106760	0000001606020385    	1479925800000	receipt
0274106760	0000001606020385    	1479926100000	receipt
0274106760	0000001606020385    	1479926280000	receipt
0274106760	0000001606020385    	1479926400000	receipt
0274106760	0000001606020385    	1479926700000	receipt
0274106760	0000001606020385    	1479927300000	receipt
0274106760	0000001606020385    	1479927600000	receipt
0274106760	0000001606020385    	1479927660000	receipt
0274106760	0000001606020385    	1479928620000	receipt
0274106760	0000001606020385    	1479928740000	receipt
0274106760	0000001606020385    	1479928860000	receipt
0274106760	0000001606020385    	1479928980000	receipt
0274106760	0000001606020385    	1479929640000	receipt
0274106760	0000001606020385    	1479929820000	receipt
0274106760	0000001606020385    	1479931020000	receipt
0274106760	0000001606020385    	1479931020000	receipt
0274106760	0000001606020385    	1479931440000	receipt
0274106760	0000001606020385    	1479931740000	receipt
0274106760	0000001606020385    	1479931920000	receipt
0274106760	0000001606020385    	1479932160000	receipt
0274106760	0000001606020385    	1479932220000	receipt
0274106760	0000001606020385    	1479933540000	receipt
0274106760	0000001606020385    	1479933840000	receipt
0274106760	0000001606020385    	1479934380000	receipt
0274106760	0000001606020385    	1479934500000	receipt
0274106760	0000001606020385    	1479935100000	receipt
0274106760	0000001606020385    	1479935640000	receipt
0274106760	0000001606020385    	1479936180000	receipt
0274106760	0000001606020385    	1479936480000	receipt
0274106760	0000001606020385    	1479936540000	receipt
0274106760	0000001606020385    	1479936600000	receipt
0274106760	0000001606020385    	1479937200000	receipt
0274106760	0000001606020385    	1479937500000	receipt
0274106760	0000001606020385    	1479937620000	receipt
0274106760	0000001606020385    	1479937800000	receipt
0274106760	0000001606020385    	1479939240000	receipt
0274106760	0000001606020385    	1479939420000	receipt
0274106760	0000001606020385    	1479940500000	receipt
0274106760	0000001606020385    	1479942060000	closeShift
0274106760	0000001606020385    	1479977280000	openShift
0274106760	0000001606020385    	1479977340000	receipt
0274106760	0000001606020385    	1479977940000	receipt
0274106760	0000001606020385    	1479981540000	receipt
0274106760	0000001606020385    	1479982860000	receipt
0274106760	0000001606020385    	1479983520000	receipt
0274106760	0000001606020385    	1479984300000	receipt
0274106760	0000001606020385    	1479984420000	receipt
0274106760	0000001606020385    	1479984420000	receipt
0274106760	0000001606020385    	1479986580000	receipt
0274106760	0000001606020385    	1479986640000	receipt
0274106760	0000001606020385    	1479986700000	receipt
0274106760	0000001606020385    	1479986700000	receipt
0274106760	0000001606020385    	1479987780000	receipt
0274106760	0000001606020385    	1479988140000	receipt
0274106760	0000001606020385    	1479988800000	receipt
0274106760	0000001606020385    	1479989520000	receipt
0274106760	0000001606020385    	1479990960000	receipt
0274106760	0000001606020385    	1479990960000	receipt
0274106760	0000001606020385    	1479991020000	receipt
0274106760	0000001606020385    	1479991080000	receipt
0274106760	0000001606020385    	1479992100000	receipt
0274106760	0000001606020385    	1479992520000	receipt
0274106760	0000001606020385    	1479993060000	receipt
0274106760	0000001606020385    	1479993360000	receipt
0274106760	0000001606020385    	1479993420000	receipt
0274106760	0000001606020385    	1479994140000	receipt
0274106760	0000001606020385    	1479994260000	receipt
0274106760	0000001606020385    	1479994260000	receipt
0274106760	0000001606020385    	1479994320000	receipt
0274106760	0000001606020385    	1479994380000	receipt
0274106760	0000001606020385    	1479995940000	receipt
0274106760	0000001606020385    	1479996060000	receipt
0274106760	0000001606020385    	1479996540000	receipt
0274106760	0000001606020385    	1479996600000	receipt
0274106760	0000001606020385    	1479999720000	receipt
0274106760	0000001606020385    	1480000500000	receipt
0274106760	0000001606020385    	1480001100000	receipt
0274106760	0000001606020385    	1480001340000	receipt
0274106760	0000001606020385    	1480001760000	receipt
0274106760	0000001606020385    	1480001760000	receipt
0274106760	0000001606020385    	1480001940000	receipt
0274106760	0000001606020385    	1480002180000	receipt
0274106760	0000001606020385    	1480002360000	receipt
0274106760	0000001606020385    	1480002660000	receipt
0274106760	0000001606020385    	1480002960000	receipt
0274106760	0000001606020385    	1480003080000	receipt
0274106760	0000001606020385    	1480004640000	receipt
0274106760	0000001606020385    	1480005600000	receipt
0274106760	0000001606020385    	1480006440000	receipt
0274106760	0000001606020385    	1480006440000	receipt
0274106760	0000001606020385    	1480007100000	receipt
0274106760	0000001606020385    	1480007280000	receipt
0274106760	0000001606020385    	1480008060000	receipt
0274106760	0000001606020385    	1480008120000	receipt
0274106760	0000001606020385    	1480008300000	receipt
0274106760	0000001606020385    	1480008480000	receipt
0274106760	0000001606020385    	1480008540000	receipt
0274106760	0000001606020385    	1480008540000	receipt
0274106760	0000001606020385    	1480009440000	receipt
0274106760	0000001606020385    	1480009800000	receipt
0274106760	0000001606020385    	1480009860000	receipt
0274106760	0000001606020385    	1480011000000	receipt
0274106760	0000001606020385    	1480011180000	receipt
0274106760	0000001606020385    	1480011360000	receipt
0274106760	0000001606020385    	1480011600000	receipt
0274106760	0000001606020385    	1480012560000	receipt
0274106760	0000001606020385    	1480012620000	receipt
0274106760	0000001606020385    	1480012740000	receipt
0274106760	0000001606020385    	1480013280000	receipt
0274106760	0000001606020385    	1480014060000	receipt
0274106760	0000001606020385    	1480014180000	receipt
0274106760	0000001606020385    	1480015500000	receipt
0274106760	0000001606020385    	1480015560000	receipt
0274106760	0000001606020385    	1480015560000	receipt
0274106760	0000001606020385    	1480016520000	receipt
0274106760	0000001606020385    	1480016580000	receipt
0274106760	0000001606020385    	1480019400000	receipt
0274106760	0000001606020385    	1480019520000	receipt
0274106760	0000001606020385    	1480021500000	receipt
0274106760	0000001606020385    	1480023000000	receipt
0274106760	0000001606020385    	1480023540000	receipt
0274106760	0000001606020385    	1480024020000	receipt
0274106760	0000001606020385    	1480024500000	receipt
0274106760	0000001606020385    	1480024860000	receipt
0274106760	0000001606020385    	1480024920000	receipt
0274106760	0000001606020385    	1480027800000	receipt
0274106760	0000001606020385    	1480028400000	closeShift
0274106760	0000001606020385    	1480061640000	receipt
0274106760	0000001606020385    	1480061640000	openShift
0274106760	0000001606020385    	1480063440000	receipt
0274106760	0000001606020385    	1480063560000	receipt
0274106760	0000001606020385    	1480063800000	receipt
0274106760	0000001606020385    	1480064100000	receipt
0274106760	0000001606020385    	1480066920000	receipt
0274106760	0000001606020385    	1480067340000	receipt
0274106760	0000001606020385    	1480068480000	receipt
0274106760	0000001606020385    	1480068660000	receipt
0274106760	0000001606020385    	1480068780000	receipt
0274106760	0000001606020385    	1480069200000	receipt
0274106760	0000001606020385    	1480069260000	receipt
0274106760	0000001606020385    	1480070040000	receipt
0274106760	0000001606020385    	1480071540000	receipt
0274106760	0000001606020385    	1480072980000	receipt
0274106760	0000001606020385    	1480073100000	receipt
0274106760	0000001606020385    	1480073100000	receipt
0274106760	0000001606020385    	1480073280000	receipt
0274106760	0000001606020385    	1480073880000	receipt
0274106760	0000001606020385    	1480074120000	receipt
0274106760	0000001606020385    	1480076640000	receipt
0274106760	0000001606020385    	1480076640000	receipt
0274106760	0000001606020385    	1480077360000	receipt
0274106760	0000001606020385    	1480078380000	receipt
0274106760	0000001606020385    	1480078860000	receipt
0274106760	0000001606020385    	1480079160000	receipt
0274106760	0000001606020385    	1480079940000	receipt
0274106760	0000001606020385    	1480080360000	receipt
0274106760	0000001606020385    	1480080420000	receipt
0274106760	0000001606020385    	1480080600000	receipt
0274106760	0000001606020385    	1480081380000	receipt
0274106760	0000001606020385    	1480081560000	receipt
0274106760	0000001606020385    	1480082880000	receipt
0274106760	0000001606020385    	1480082880000	receipt
0274106760	0000001606020385    	1480083300000	receipt
0274106760	0000001606020385    	1480083420000	receipt
0274106760	0000001606020385    	1480084740000	receipt
0274106760	0000001606020385    	1480084980000	receipt
0274106760	0000001606020385    	1480085580000	receipt
0274106760	0000001606020385    	1480085760000	receipt
0274106760	0000001606020385    	1480086300000	receipt
0274106760	0000001606020385    	1480086360000	receipt
0274106760	0000001606020385    	1480086900000	receipt
0274106760	0000001606020385    	1480087020000	receipt
0274106760	0000001606020385    	1480087740000	receipt
0274106760	0000001606020385    	1480087920000	receipt
0274106760	0000001606020385    	1480091580000	receipt
0274106760	0000001606020385    	1480091640000	receipt
0274106760	0000001606020385    	1480092240000	receipt
0274106760	0000001606020385    	1480092840000	receipt
0274106760	0000001606020385    	1480093140000	receipt
0274106760	0000001606020385    	1480093680000	receipt
0274106760	0000001606020385    	1480093740000	receipt
0274106760	0000001606020385    	1480094280000	receipt
0274106760	0000001606020385    	1480094340000	receipt
0274106760	0000001606020385    	1480094520000	receipt
0274106760	0000001606020385    	1480095240000	receipt
0274106760	0000001606020385    	1480095600000	receipt
0274106760	0000001606020385    	1480095600000	receipt
0274106760	0000001606020385    	1480095840000	receipt
0274106760	0000001606020385    	1480096140000	receipt
0274106760	0000001606020385    	1480096320000	receipt
0274106760	0000001606020385    	1480096380000	receipt
0274106760	0000001606020385    	1480097160000	receipt
0274106760	0000001606020385    	1480097580000	receipt
0274106760	0000001606020385    	1480097640000	receipt
0274106760	0000001606020385    	1480097880000	receipt
0274106760	0000001606020385    	1480099260000	receipt
0274106760	0000001606020385    	1480099260000	receipt
0274106760	0000001606020385    	1480099320000	receipt
0274106760	0000001606020385    	1480099860000	receipt
0274106760	0000001606020385    	1480100040000	receipt
0274106760	0000001606020385    	1480100640000	receipt
0274106760	0000001606020385    	1480100700000	receipt
0274106760	0000001606020385    	1480100700000	receipt
0274106760	0000001606020385    	1480100760000	receipt
0274106760	0000001606020385    	1480100760000	receipt
0274106760	0000001606020385    	1480101360000	receipt
0274106760	0000001606020385    	1480101840000	receipt
0274106760	0000001606020385    	1480105320000	receipt
0274106760	0000001606020385    	1480105440000	receipt
0274106760	0000001606020385    	1480106760000	receipt
0274106760	0000001606020385    	1480107060000	receipt
0274106760	0000001606020385    	1480107900000	receipt
0274106760	0000001606020385    	1480107960000	receipt
0274106760	0000001606020385    	1480109700000	receipt
0274106760	0000001606020385    	1480109760000	receipt
0274106760	0000001606020385    	1480111080000	receipt
0274106760	0000001606020385    	1480111320000	receipt
0274106760	0000001606020385    	1480111320000	receipt
0274106760	0000001606020385    	1480111620000	receipt
0274106760	0000001606020385    	1480114140000	receipt
0274106760	0000001606020385    	1480114200000	receipt
0274106760	0000001606020385    	1480114860000	closeShift
0274106760	0000001606020385    	1480150200000	openShift
0274106760	0000001606020385    	1480150260000	receipt
0274106760	0000001606020385    	1480151340000	receipt
0274106760	0000001606020385    	1480157580000	receipt
0274106760	0000001606020385    	1480158720000	receipt
0274106760	0000001606020385    	1480158900000	receipt
0274106760	0000001606020385    	1480159500000	receipt
0274106760	0000001606020385    	1480159500000	receipt
0274106760	0000001606020385    	1480159860000	receipt
0274106760	0000001606020385    	1480159920000	receipt
0274106760	0000001606020385    	1480161900000	receipt
0274106760	0000001606020385    	1480162140000	receipt
0274106760	0000001606020385    	1480162440000	receipt
0274106760	0000001606020385    	1480162620000	receipt
0274106760	0000001606020385    	1480162800000	receipt
0274106760	0000001606020385    	1480164720000	receipt
0274106760	0000001606020385    	1480164960000	receipt
0274106760	0000001606020385    	1480165020000	receipt
0274106760	0000001606020385    	1480165140000	receipt
0274106760	0000001606020385    	1480165320000	receipt
0274106760	0000001606020385    	1480166880000	receipt
0274106760	0000001606020385    	1480168800000	receipt
0274106760	0000001606020385    	1480169460000	receipt
0274106760	0000001606020385    	1480170660000	receipt
0274106760	0000001606020385    	1480170720000	receipt
0274106760	0000001606020385    	1480171920000	receipt
0274106760	0000001606020385    	1480172400000	receipt
0274106760	0000001606020385    	1480173720000	receipt
0274106760	0000001606020385    	1480174380000	receipt
0274106760	0000001606020385    	1480174680000	receipt
0274106760	0000001606020385    	1480175640000	receipt
0274106760	0000001606020385    	1480175820000	receipt
0274106760	0000001606020385    	1480175880000	receipt
0274106760	0000001606020385    	1480176600000	receipt
0274106760	0000001606020385    	1480177200000	receipt
0274106760	0000001606020385    	1480177800000	receipt
0274106760	0000001606020385    	1480178160000	receipt
0274106760	0000001606020385    	1480178400000	receipt
0274106760	0000001606020385    	1480178700000	receipt
0274106760	0000001606020385    	1480179600000	receipt
0274106760	0000001606020385    	1480181340000	receipt
0274106760	0000001606020385    	1480181580000	receipt
0274106760	0000001606020385    	1480181640000	receipt
0274106760	0000001606020385    	1480181700000	receipt
0274106760	0000001606020385    	1480181940000	receipt
0274106760	0000001606020385    	1480182120000	receipt
0274106760	0000001606020385    	1480183020000	receipt
0274106760	0000001606020385    	1480183260000	receipt
0274106760	0000001606020385    	1480183800000	receipt
0274106760	0000001606020385    	1480184460000	receipt
0274106760	0000001606020385    	1480184520000	receipt
0274106760	0000001606020385    	1480184580000	receipt
0274106760	0000001606020385    	1480185420000	receipt
0274106760	0000001606020385    	1480185420000	receipt
0274106760	0000001606020385    	1480185480000	receipt
0274106760	0000001606020385    	1480185780000	receipt
0274106760	0000001606020385    	1480186560000	receipt
0274106760	0000001606020385    	1480186860000	receipt
0274106760	0000001606020385    	1480186920000	receipt
0274106760	0000001606020385    	1480187100000	receipt
0274106760	0000001606020385    	1480187580000	receipt
0274106760	0000001606020385    	1480187700000	receipt
0274106760	0000001606020385    	1480188180000	receipt
0274106760	0000001606020385    	1480188780000	receipt
0274106760	0000001606020385    	1480188900000	receipt
0274106760	0000001606020385    	1480188960000	receipt
0274106760	0000001606020385    	1480189380000	receipt
0274106760	0000001606020385    	1480189500000	receipt
0274106760	0000001606020385    	1480190040000	receipt
0274106760	0000001606020385    	1480190100000	receipt
0274106760	0000001606020385    	1480190820000	receipt
0274106760	0000001606020385    	1480190880000	receipt
0274106760	0000001606020385    	1480191300000	receipt
0274106760	0000001606020385    	1480193100000	receipt
0274106760	0000001606020385    	1480193580000	receipt
0274106760	0000001606020385    	1480194240000	receipt
0274106760	0000001606020385    	1480195380000	receipt
0274106760	0000001606020385    	1480197300000	receipt
0274106760	0000001606020385    	1480197420000	receipt
0274106760	0000001606020385    	1480197600000	receipt
0274106760	0000001606020385    	1480198440000	receipt
0274106760	0000001606020385    	1480198500000	receipt
0274106760	0000001606020385    	1480199760000	receipt
0274106760	0000001606020385    	1480199880000	receipt
0274106760	0000001606020385    	1480200180000	receipt
0274106760	0000001606020385    	1480200600000	receipt
0274106760	0000001606020385    	1480201140000	closeShift
0274106760	0000001606020385    	1480236720000	openShift
0274106760	0000001606020385    	1480236720000	receipt
0274106760	0000001606020385    	1480237740000	receipt
0274106760	0000001606020385    	1480237740000	receipt
0274106760	0000001606020385    	1480238700000	receipt
0274106760	0000001606020385    	1480244760000	receipt
0274106760	0000001606020385    	1480246260000	receipt
0274106760	0000001606020385    	1480246680000	receipt
0274106760	0000001606020385    	1480246860000	receipt
0274106760	0000001606020385    	1480250520000	receipt
0274106760	0000001606020385    	1480250520000	receipt
0274106760	0000001606020385    	1480251900000	receipt
0274106760	0000001606020385    	1480251900000	receipt
0274106760	0000001606020385    	1480252020000	receipt
0274106760	0000001606020385    	1480252080000	receipt
0274106760	0000001606020385    	1480252680000	receipt
0274106760	0000001606020385    	1480254060000	receipt
0274106760	0000001606020385    	1480254120000	receipt
0274106760	0000001606020385    	1480254120000	receipt
0274106760	0000001606020385    	1480254240000	receipt
0274106760	0000001606020385    	1480256760000	receipt
0274106760	0000001606020385    	1480257300000	receipt
0274106760	0000001606020385    	1480259820000	receipt
0274106760	0000001606020385    	1480261920000	receipt
0274106760	0000001606020385    	1480262220000	receipt
0274106760	0000001606020385    	1480262460000	receipt
0274106760	0000001606020385    	1480263120000	receipt
0274106760	0000001606020385    	1480265280000	receipt
0274106760	0000001606020385    	1480265340000	receipt
0274106760	0000001606020385    	1480265820000	receipt
0274106760	0000001606020385    	1480265940000	receipt
0274106760	0000001606020385    	1480266120000	receipt
0274106760	0000001606020385    	1480266240000	receipt
0274106760	0000001606020385    	1480266600000	receipt
0274106760	0000001606020385    	1480266600000	receipt
0274106760	0000001606020385    	1480267680000	receipt
0274106760	0000001606020385    	1480267740000	receipt
0274106760	0000001606020385    	1480267860000	receipt
0274106760	0000001606020385    	1480269360000	receipt
0274106760	0000001606020385    	1480270500000	receipt
0274106760	0000001606020385    	1480270560000	receipt
0274106760	0000001606020385    	1480270560000	receipt
0274106760	0000001606020385    	1480271220000	receipt
0274106760	0000001606020385    	1480271940000	receipt
0274106760	0000001606020385    	1480272720000	receipt
0274106760	0000001606020385    	1480273260000	receipt
0274106760	0000001606020385    	1480273980000	receipt
0274106760	0000001606020385    	1480274160000	receipt
0274106760	0000001606020385    	1480276080000	receipt
user
0255016159
0256017902
0262007596
0274106760
0278100801
027815862064
1001150441
1018003124
1201005522
1215080270
1215149940
1650164600
165204965769
2126003123
2130012184
2204039458
220414990960
2225074005
2225104838
2308098835
2310031475
2312068671
2312140350
2318041242
2356039974
2457075665
2464264744
2466248770
2607021904
2634059343
2901109818
3232039349
3255049569
352509469840
3525224197
3525388364
3804999187
380801342654
3811435914
3812057158
3905069220
4029001011
4100014999
4345387772
4345434976
4345454651
4401171699
5003058583
5007091422
5010051677
WARN: The method class org.apache.commons.logging.impl.SLF4JLogFactory#release() was invoked.
WARN: Please see http://www.slf4j.org/codes.html#release for an explanation.
